5555555555, 5555555555 55 5555555 ,555 9¹9

511 Μ111μ551 5551 5515555 15515155, 515 51511 155115555515. 5551151
551555 Verffigungen 1511511155 8551555511 551155 55 55. 5151151115
51519 511 1119118191 5515115155, 51· ’115 855511155115 11515155
919191999119119199991091191 11551115 5515155515, 5 551 (11.1 ,115
55115111555111151181511851555555111551111 555155555151115115155511
115155 851511515555 551151 11111151511551555551551 5515 11551155
1155 einzig massgebend991 Bestimmungen 555 Art. 49. 155 855155·
9998999119, 15155155 551151,.»155515555558515558515515115
81515155 8551555555 51511 1555855151 5551551115, 1555115155 Be·
1155555851851555515555 8515155 155 855111551551155111155
1555551551511155155 855511 1555551155 5111181555 5115515511· 1399
8155151555,ῃῇ 111¹ 815151155185551151555 1155151555 155 1115115551-
55115111· 555155, 1,.155 8555551585 ,151 115 155 Vater 5511 55 15515 '9995
55551551581151585511151555 Will911¹ 9999999rt‚ 551 115555 98111515
5115111555 ’5511155511 1155 515149, 115 3 155 855155551515155 55511-
11515 ,11511555 55555155555115 815 551.Ι 1155 St9i¹19r 5555511555
855511555155 8551555115 5153155155 ,851555 55515 555 23 11151
3888 919999: 155 8515551511 551 8115155511,11’55 'A'ngab'e 515
11515155, ι555151151515555.Ι 1155 5151 55515 8515551515 8511555511
11111 [151111 151, 1151155. 5555515155 ’1555 1155555515 51511 5555155511,

55· 11921u 5,15 51555- 9119 155 191 1511551155 Ludwig 115155 555 0155111511,
15511551551555151- mit 15551551515511111111151 511, (151155, 55515
55111751511552· 5155 1551155 5515555, 115 55 dot 1511155515581115·
115515 55 1111555555 5515511555515551115 1155555 Anna: ,81155 55
111115 511511 5551155 51551 die 1151155 nas 1199 55515 913991'199
1551 115 5181515155 (1555555115, 555155 151 1551151515555815·
1551558555τεί5-,5555555511 5515515155511. ,1115555 3511558515
155 8151111 81555, ,15551 515 8515151151- 5555 1551551877. 1111 151·
155155-15155555515 [mdvig 115155 151111, 5515551 55. ,5551 8111.
im 1551151551 5511 8. 8 15515555515155 15551551515511551555
155351· 5115511151 115 51155115151155511555155, lm 15155 ’1884- 15·
351515 5518511555551515 551555 8551155 5555 81155,Ι 5511 5155
11151155 155 85551115 8151555 55155. proteat 5151155155 Religion 5555555
5555151 5115551 55 155 11515551555555 1551555558511555511515,155
999· 55 551555 Religion 55 55515155ι Dies 85551555 55555515 55

1555115151 111861, 5155 1111515. 8515 155511, 111· 8155155511 1115-
55555155 Dr. 8515511 1n 8555, 5515111515 seinem 15115551 1511555 R9·

99919119919899 (199 8551555 Aargau 155 5151555» »55 55115 15555115

. 55 ,5,,1185551155515585515555115 5555 21 ’8551 188715115155511155851551-
55151585515511511 vom 29. 051. 1981 (1151118. 11151851· , . ι

 

