222 Lis-tratur: 11111111333, 11111311. 111 Ε. Capti-ruli 313.

111313 3311-33111311. 31311333 331-311 3133 331 Ι13113 8131133 331331- 11333133
3311111133, 13 1131113311 31 333331 331, 11333 1113 1111333 333131 33333
1133 31331 1311311111 3333, 11333 1113 11113113 33 13333 113111 [133331133131
3313 1131113, 33 1333 313, 31311 11311 ῚΙ1131333313 1133 Η3113 33 paz-gen,
in 1133 Κ33313133 331 1111133113 1131133113 33113333131113, 11333 1113 Hit-ahu
33111· 33133111 11131, 1113 3333311333 1133 11113333113313 13 1113 11311133
1133 333131133133 33 113333, 11333 Rom 131 11313 21]. 3331313331 ww 3133
Η313313 3333333 331, 13 1113131131 1111333 3311 1131111113 11331 313313 33-
113331 313133, 3311 11333 1113 3311313 1131 311-3111131133 9311311 1113 1111311333-
3311 331 1133 813133 1131 1113113311 331331133113.

1111311333 1131113 11133111 3331131133 3311133311 3311311, 11333 Caput-ali

ihm 3111· 113111 1131-11113113 1133 Κ1311331133133 3311113133 11313331 3311133

1131. [1333333 33113131 33 1113111133 11331331 33133333 33 33111 , 11311

1113111311 [1311313113 311 3133113333, 11333 31 3333 13113 311-33113113 Tra-

11111311 1113 Ernst 3311 11131113 [11131331 333113 3311 31311 33333113333

111111331113311311311 3113333. Im [13311333 3333131 1111311333 1133 An—

31111 1133313113 313 63133333311, 331 3313113133 31111 13311311 1113 (1113311-ν

3333 331331- 111111131133333 Philosophia (31. 1133 11313131 3331 31311333

1113313313 3 31131113133 131 Art-„him 1111, 511. S. 103⁵] 3333111311 113333

333313313333133333.

11311 131313333 11311133 1131131331 33311 313133 citata 1113113333 333

1133 1131133133333 [131313311311133111333311 111131 1113 1133333313 3313.
Der 331-3113131133 3333313311331313131131· [13 333313 33313 113

33111-3 13341 Diu 31313113133 3333311133 3311 11111- 311313133 111333 331,

11333 ι13113 3333131111313 11311313 3133 811313331311 3311113333. Wir· 1133311

3111113333 331 ῗ31333333133 3333333333, 3133333 3331· 33311 131133 5113-

3333133 1113 Εἶ33133 31331 333311 311313331311 3331111333.

[131- 33133331133 1113331133 33313 331 1. Mai 1332: Es 33113131,

11333 1113 [1311331133 3311 1113 Ι133131311131 1311 1131 [11111333 3333111113,

1333313113 131 1113 31111333, 113311 313 313111 133 1133 331113333333 33-

3131131, 11313113 313 33 311131 1133133 ’1131111331 1333333, 1113 3313313-

1133313 1131331 1131· ’1113333333ἰὶ Dr. Harl 13333131ρῇ113.

30. Hie reliyfflse ,ΕΠ-13111133 1131- ffi-nder 3113 3331333131 Eheu 1111
&fib-ieta 1133 ,131-31133. 11113331. 1331111111Ἰ Van Dr. Β. 1111111131, Ges-a.
Ob.-R‚-R. 111111 Prnfi Effliffi J 1111. 3311-131333, 1333. ἰδὲ-ΒΞ. *md
311 S. yr- Β. (Mssa. 1).

Ein 833113133111-3311 333 1131· Ε’3313333 1131· 1331111131 Ρ13133331311

3313 5313311333 1133131133113331 1133 Pras. Gneiflt. Der 11311. 331-

11111133311 3133333311 333131 1113 3133331331333 33311131333333 1133 1113333,

[3311133313 11311 1131· 11133331 1313333333333333 113313133313 3311 13-

31133113333 (3, 1—3)‚ 1131331 1113 31333333111331133 333113133333, 11313113

