1111111111.

¹ - 1111 899911 1111 15.11119111111888,’
11111111 11111198. 81111191 111111111111111119111. 11111111,

,1811111111 die mmmmm 111 11111111 und 111199111111111)ἶ
⁶, ¹ 111199119111191111.Α111111111811111111111191111111111 ’ ’

· 111118111119111 911111111111111119911111101111111884 ’

111119 111 8919119111111 11119119111191919111111119111999111111111-
911 11111991111111111 8911111119 9119191, 1911191 191 1911 111111
111991111111 1191111111 11111119111911891911911111 111191911111
188811191911 1111 1111111111, 11111 1911 1, 2. 1111119119 Aba&
191119111 1911111 1. 8. 9111111191 11111911111111111111911119
»111111111111 1111119111 1911111191, 11111191 111, 111191111111119
119111311111 11119111 1111111 1111111111111 11111111111199111111
1111 vom 11111191111111111 1111 111911119111 89111191 1111111911
11111119 1111111. »111 11111 1191111111 111111111119111111

»Reparatur des vom Pouet 1111111191111191 111111ᾶὶ9111 1191111191
1911111111 9111911

11111111111111111111,111111111111111 Ϊ

9911111119111111111111911119 von 8911919111. 811111111111-1111
11111111 1111111119 bekannt gegeben, 1111 diesem 1111111119 119
111111111118119191 11111 zu ’11911 9111111113 11919111 1111111 19-
1111 191111111911111111919119 11 dom 1111111 111 1. k. 1111111. 111
cult. 111 1111911. 19119. August 1881, Z. 15882, 1199111191 Mo-
1111 11111191, 111119111191191391119 111 8911191111111111111191,
11111111 »dass 111 811119111119 11191191199111911191119 11111-
11111111 89111119 11 111 1111111 111111 1911111191111111 will·
11111111 11 1111111111111. 1111111191 11 [1191111911 m-
9111111 1191 111 11111919111119 1111111191191191111111111911911-
1191111 111911191111119911 1119111111, 111111111111 1111911911·
111111Ρ11191111111 11111 Art 111191 11111111 191111, 119 811111-
99111111191191991 11119111111111111 191 191911191119191 Ge«
1111111 9111111, 1191911 1111191111111111111191 1111111191, was 11
1111 89111111911111111 119111891111911111111 991191191111191 a·
9111111911 891111111919111911 191 1. 11. 1119111119 1119191119191111·

’ 1111911111119111111 11111111191111911, 9111111911111911111-

11131. 111111, B& 1⁹. 11181 Β1, 111- S. 27⁹3 1111 18. S. M

 

