1. (1111111111 des 11111111111111. 241

In 11111 [1111111111 1111111 1111 111 1111111111 1111111111
111 0111111111 (111 1111111111. Bis zum 111111111111111111
1111111111 111111111011111111 11111111, 11111 111 1111111111
1111111 1111 11111 dom 11111111 111 1111111111- 111111 1111111111
111 1111111111 dieser 1111111111111111111111151111 1111111111.
1111111 1111111111 1131111111, 111111 1111 11111111 11111 llud
(111 11111111. Von 111 Β111111111111111111 1111111111 1111111111
1111111111 29, 11111 1131137 inoorporirte Ρ11111111, gum 1111111
111111, 1111 man 1111 1111111 1111111111 111 Prummu 11
8111111111 11 11111111 11111. 111111111111 (111 1111111111111111-
11111 sich 111 einen 111111 111111111ὴά11 111 (11111111111111 111111.
11111111111111111111 111111 111 11111ωῶ1111 11111111 1111-
111111, lions 1111 111 11111111111111 1111111111 111 111 1111111111
(111 Fabrikvermfigon 11 1111111113 genthon. Fmdlioh mag 111 11-
gerochum 11111111, 111 Heinrich VIII. 11111011111111111411111111,
111 111 111111 1111111111 1111111οωί11 1131111111. godwhtwor·
111. 1111111111 von engliwhem 11111, 111111111111111111111111111
111111111111111111111 (1113111111.

111 111 811113 1111111 1111111 mdo, (11 11111111111111
11111, 1111111 vom 1111. 1111 1111111ιῆ11, 11111111 1111111111

1111 11111111, 111 11111 Frage 111 61111111, 1111111111111111·
11111, 11111 111 011111111111111111111, 1111111111 11111111·
31111, 11111 111111311111 111 11111111, 1111111111 1111111119 111
mummolam 1111111111, 1111111111 1111111111111). 1111111111·

dor 11111 11111 111 111111111111111111111111111111. 1111111-
111111111111111111111111Ρ11111]11111111111111111111111111111-
apsa dargebraoht. 11111580, 1111111111111111111111111111111111
1111111111111111111 1111111111 111 1500,1111111 mazeum 11
111111111111 111111 1111311111 'Phoron 11111 0111111111 nb DIo 111·
11111111 1111111 111 1111111111 1111111 11111 11104 111 1111111
nal (111 1111111 1111111).

1111 111 111 11111111111 1111111, ιιι (111 1111111111 1111111 (111
11111111111111, 11111111 11111 1111111111 111 01111111 111
Mara vollen 111 vater 1111111111, 111111 1111 11111111111111 ιιι
8111111111 1111111111 (1111. 15, 25). 11111111 1111111111 111111·-
mail 111 11111111 11111 111. 11111111 1111111111 111111111111

1) Em, 811111 5. ’111 3111111111 m 1 question, ‚not 1111111 111
11 nemeae, 111 11 311111 11111 111 11 mamutio 11111, 111 111111 1111113 11
cannot my 111111 1111 1111111, 111 11 111 1111111111· of 111 comt (1118)
nd 111 11111111 11 1111111111 (1110).

1) Em, 8111111 I.
Διιιινειιιιηιιιιιωιι 111 16

 

1

