Schr. 199 uncae. Cardinal-Primae 14. 11119. 1888 cn 1111991. 0.·Μ. 57

11111111111ἓ.1ἓέ9“1111111.ἳ1111 11111119 11110111
31199199 119119 9991 9191911991998191111991919919911199199119 991
11119 39191911. Die Tyrneuer Lehrcrprhperendie 11999 19199991 113-
1191 991119 19911999993 199 81991991991999. Sewie 199 1911 19-
91919919 919119911111919 019131919991919, welches 9911919 Jahrehin·
19191 9199 1191119119 9939119919 0999 19 191 19111399 919191199199
(193991 wer, eewie 191991 19919991113931191919, 191 kann 99399,
9939119919 1919991999, 19 99191919 1919911 99199 9191913, 999999399
1991919111 1911999999 Weisenhinder, uhter 11999119191191999199
1911919, 991 199199 1199199 9199399 werden, 199111 99911999 91991999
9111911919 991 9991 1981119919 993911911981139119919191199199
werden, descen Spreche 9199191 99199 119 919199 19119 99913999, -
99 191 euch 11999 19119191199199119 919911999 Η9119119199 993911-
99199 1119919919 191191119111193191 Culter 991 19 der 11939191
9911999199 1919199999, 991 eben 191991 191 99 119191 recht noch bil·
lig, 19991198199193911911 11191 11919 19919919199199 (19991999 39-
9111191919199 1199119 91991 99391199199 1991911 3939911191 9991 99-
1919, 31999919191·1919,919 1999 9191, 1199191191191911 919119191991
11191119 11911999111119999191199 9991111; 11999 919 9191 9991 mehr 919
dieser 1911911, 9919199 111113, dese 9191199919119199399 werher-
39199119 9991391999 Jenen 9111119119, 119 1911 191 1111911993 9919191
99191199 91999 11911 191 819919199199 39199 9919191 9911999991
1199113 99 191 19111911993 191 99391199199 89119119111111199.

Im [191113991919191919 191 111. 119911999 9191911911,1999119
99391199199 1911911199 191 39991991913991991199319991991119199
1919191191991199 91139919 Η191919199919199 ch 19399, 919199391
stenen, 11999 919 99199, 1999119 8199193999119191 9991 999 991911-
19119191 1111911993 1119199931, welch 9111139 11191191 919 9911991 (19-
11919 191 9911999199 (191191 19 199191191199199 1199191199 1991191.

(1999191399 1111. 1119911999 199 991119111399 19911991 1991991
1999919199 Ηο919911993.

Gran, den 14. August 1888. Ι
111919119199191999 811991 19. p.

Min. 119191199191991919919 199 99191 1111 19113911911198911191191119
19911, 9911191 1119911, 11919919 1939191991991111919. 11919919119999119·
991919919 9199 19191091991119111911 199 819919999191118199911991. Ge 9911919
89311991191199199 11911911911111199399 99 191 13199991 191191911119199119 State.
119189191199 9191191191 1991991919111191 991191 1111991911911139113 191
1911391999 993691919911119, 9191191 1199911919111913911 119119, 39399 119 (111-
11319111911911391999. Der 1911 191 prowieeriechen 191199 199 09119911ιί91-
919119919 1911991 39999999 Min. 1191999 19119 9191 1919911999 119111, 19989191-
19931991911111819991199 119191199199 8911911999 99 1991191199 991 9199 prin-
ciprelle 191991911993 dem 99199 091199191919191 ereren Ozehy 19119191199.
hicn 3191111 99 9199 31111919 Beile 93 199 1199111919 991 1991 cardinal 111191-
{rimae bh'ebe 99 91991991199191119 11, 11939999 11199199119, 99 deren 119191·
alcun 9191911191911191191191, 91939199 zu 199999. - 8991911999119111 191,
11999 , in. v. 1191911 19 9199191991Ρ9911911119119.1111199. 1888 9911191199
1119999, 119 91199 9 09111999191991111111191 1999991191911191111319991919
19111991·’1“19199911599 ’91119191 19391999 191 9199119199 19191911919111199,

999991 19 9991111199 191111191999, 991993.

 

