114 1111111111 Genu vom 26. 11111888.

111. 11. 111 111 Umlogung 111 durch 111111111111111111-
1111111111 111111 111 1111111111 Β11111 11111 11111112 1111112
11111 1 111111111111 1111111111 11 111 1111111111 12 111111111111
1111111111111111 111 1111111111111111111111111,111 11111111, 1111
111 11111315 Psennig 111 100 11111111111111111111111111 111111
111111111111 1111111111 (111111112 1111112), 1111 1111111111 111-
111 111 01111, 111111, (111111-,1111111- 111 1111111111111111111-
1111111111, 11111 111 111111111111111111111111, mit 111111111111
ganz 1111 1111111111 zum 1111111111111111111(111111111111111
1111111111111111111111111 1111111311 1111111111 1111111 111 111-
11111111111111111 1111, 11111131 11111 1111 - 111111 1111111111·
umlagen 111111111111111111, 11 1111111111111111

1. 1111111111 111 111111111111111111111111111111111111131111-
111111 11111111, 111111 11111111111111 1111111 111111111111111,
11111 1111111111 111 111 1111111111 (1111111113 1111 1111111111,
1111111 11111 1111111 12 111111111111111111111 1111;

2. dom 11111111111, 111 11111111111111111111111111111 1111,
111111111111111111011111 1111111111 11111 1111111111, 11111
11111111111111118111111111, deren Ertrag 11111 1111111111
1111111111 111 111111 111 111 11111111·111Ρ111111111111111-
111111 111 1111111111 Kirohengomeinde 1111111111 111ς

3. 1111111111Ρ1111111 - 11111111111111 1111111111111111101-
11111111111 11111111111 1111111111 111111111 1111111111 11-
111111111 8111111111 - 1111111111111111111, 11111111 111 (11-

’ 1111111111111 111 11151. 111111111111111111111111111111 ,

20. 1111 1884 111111111111 111

[11111111111113 111 11111111111111 11111111 111111111111
8111111111111111 111 111111111111111111111111111111111 1111111-
111111111 111111 11 1111111 l 111111 (11111111 1111111111 1111111,
111111 111 jode derselbon 11111111111111111111111111 1111131111·
11111111, 1111111 111111111111111 111 11111111111111111131111·
31111111111111111111 111 11111110111111111111111111 1111111111
1111111111, 111 welches 11111111111111111111111 1111, 11111·
snmmtoinwohnerzahl 111 11111111181111111111.

1111111111 1111 11111111 1111111111 eines 111111111111 111

111111111111111011111111, 1ο 1111 111 im 111111 111111 11111
11111 1, 2 1113 111111111 11111111111111111111111 111 jode 111

1111111111 1111111111111111 111111111111111111111113, 111111 111 2
1111 111 11 1111111111 1111111111 1111111, 111111111111111111111 1

1111111 1111111 1111111111 1111111111111111111111, 111 01111111·
1111111 1111111111111111111 (11111111111111111111111111111.

 

