138 Papa, 1101110101 1111. vau aber 11 rem 1111011111).

111 1 11 1011101111011001110 1111111011 11111101130101111101110

11 11111 100111 110110 11 1101 11111111111111110110111101011111 i
1011111011010111111, eho 0111. 1111 11111110101110 11110110110101 .

111 11111110110 1 1111111 10111 haben, 1111111111110 1111111011,
8010110111Ιί1, ci 11011111110 111011111011011111101101 11101111 ¹
1011101 111 bene 1111111. - 101110110111011118111110111111011111 4
1110111110 11110110, 1011111110 1111111 101110 11111011011111101,
11 110111 111 11111 ragione 1 111 1101101101 1111111 11 10111. -1111
quei 11011 11 11110101111111111 1110111011111011111131,1111 1111,
1111111, 1101, 111111 1111101111111 111011 1111 1011111011, 0111110 10011
1011101 1111111, 101 110011110 1111111111130111111110111111111-

0110 desideratae il 1010 110111 111111110111111111101011111111011111- ,

1010110 011 0110 1010 111110- 1111111111,11111110111,111101110

01001110 1111 1111010 1111110 111111111101101101101, 1111110111 101· ¹
1111111111, 01110 1010101111 paco 101 11111011ῒὶ101 110111 1111101101, 11· ,

110111. dem Wir Dasjonigo 1111101111, 1111 ξ

1011111101 111011 11101110 111110
111 1011011011011111011011110· 1

101 1111011111οη 1111.

1111110110,10111111111011010 11111101 11111101 1111 nieht 011·
1111111111111110111110111 01101, zu 11110101 1110010 01101111
01011111110110101 1100 mai 11011 1111111011011111, 11111011
101 1111111 111111011111101. - 11110111111101110111101111101101
1111 0 110111 100111 11011 11011111111110111011110.-11011
questa. 111 111011 111101 1101 11111101111111111110 1111 1111101110 Ι
1101 11 1111 11001111 110011110 11111110. [1011111101 1101110111 ἶ

111111111 10 111110110 1 1 beno· 1111111101111110111111111101111- -
101111111010101101011110111· 1011010101 11111101 1111111 1111- '

1110 11111 (11110110 111 Ρο111- 101101 1111011110101111101111 ἶ
10110101110. 11111011 111101 111110101011101111111111, 110 ihm ;

110110 110110 110110110 11 011· 101 1011111010111101111111101111 ξ

1101111 1101110110 01110101- 1111111111 1111101111οη 11111 1111 j
111110 1011110 10 1101010111- 01110110111101111101101 11011, 111
1111011 degli avi suoi. - 111 1111 1111111101 011101111101, 111

111011 111101 110111 1 tempo glorreichon Traditionen 101101· i
1101111111111110111101101111111 fabren eiforsfiehtig zu 1111101 und ἶ

01 1111111010νοί1 11111 11 011 1101111111011011 111101110110111
11 11101110 11111 11111110111010 1101111101οε 11011, 1111111111ῐί011
11 10111 110111 1111111011 101 10110111111111011111111110111111111
1010 011011 10111 001110 11 di· 101010110101111011110111101111111·
1111 1111111010 101 Ρ11110. - 1111101111011011110111111,111111111

 

