Leo xm. 00110 neapolit. Pityer 24. October 1888. Ill

0000100 00100 01 000 termine 1100011οο 10 0000001011000110101,
10000 0101110000 0 como 011000, 10 10010111100001010001000011010
0001 00010 010000 0000011000- 000011;0010101000010000010000
000 0100 0001100010 100001 010 01000011010100111011011000 wohl·
000010 010000100001000010 00110 00101100 110 1110010, welche 11000
1001100101 000100 Ρο0000010 Pa· (10Ιο000101 001 110 hippon 00000
010000 00001 110010101110 1010111 00111000100000001101101001110100
0 000010 Solo 1000101100, 0 11 001001101001000000100100100010
perfetta unione 000 Nol, 10 001 000001010110100 ’10000 00000 100
00101011011000 000 pur 10 01010, 0000101100100 11011 001 00111000·
000 00010 1 101001 0 10 0000· 0000010001010000 00111100, mit
00000. 1 dem 110 01011 000 1101100100,
0001000 0001 110 8010000000 001
110 Β11100010001101100 000111.

la 00010 110000100ιὶ000 ei 1100011001001000 101000000οο
010000 10010 011 0000110, 10· 0010001100, 010010010100110010100
000010011010000100010000001 anderen 001 10000100000001100
0110 01100 000110 0010001001 010 10010010000000001110001, 1101100
Oi 100000 1010 001 00000 11 im 10010 110000101000 000 10010·
000010 00001010011011011110110 11011100 000 01100 Τ10110011011000
10 00011 1110110. 110 0000000010· 0000100000100. 80100011001010000
simo 11 0011001000010 00000010 110 0110000010οΡ110001010100ιο 1010·
10110 000000 0000010, 10110 000 1001000000, 001010011010000 0001-
00000100010111010, 10 000000 000 1100000100 (11001000 0000001001·
0000 11001 11110011 0 1100010 10100010100111000101100010000
01 00010 01101000 pochi 000000· 8010101010110000111000001001101·
000011000οο 10 mano 10 00001 100110ος 110000 0011οε000 0101 0001
10110 10 0001001 11011000, 0 00· 001 000101010 001000 0001001 01100
0001000010 000110 101 01000. (10000100 11011000 00, 00 110001
'lulli 0010010000000000010011· 1000100 1110000. Allo 10000100 00·
moni 000 0001 nobile 0 0000· 011100000010,00110010101100
rosa 00001011010011111110110, 001 100110001οο0] 111100 0110110·
0 primo 100 000010 011 grandi 1100100100 stulte 001 00 1100011011ιο
0 10 011 11100101, 0111000 000- 110 00100100 001 1001101001οο 00
10110110 0110 splendido successo 0100001100001001010100 100· 00·
010110 1100100 10110000. 0001 110001001οο 1000101100010100100000
1110110 00110100 0000011000 0 10100. 800110100110010110110010
fatti 011 00000110 10010 0000· 110110010001111010001001101001000,
parire 0000100 101 Ρο01110010, 001010 0001010101100Ρο001110000
0 00010010 000100 000111 010 10 0011100 0000101000100000, 001000·
0000 1001000011 1110000010. 110· 100111000001000,1101000110101,

 

