1111111111, 1111111111 1111111111111,1111111111. 111

1111111 8111111111 111111111, 1111111111 8111111111 (we-3672). · ,ι

1111111111111111111111- 111811111311111 111111 111 8111111111
mimulam Werkes‚ welches 1111 111111111111111111· 1111111111 ⁴
1111111111011. 341) ,111 111111 11111111111111111111111 1111
11111. F. 811911. .
8. Dio 81111111111111 111 8111111181 Psarrkirehen 111 1111-
muer, 1111111 9111111 1111111111 111 Dr. w». Wolteradort,

Psarror 11 8111111111· in 8111111111. Das. Vmimckrifi 111

omum. (111Ρ11111111111 8111111111 und memmae.

8111111181 11111. 1111111111. 1888. ΠΗ 11 80 8. 8.

1111 1111111111 111 11111111111111111111111111111, 11111111·
11111131111111111111111111111111111311 111 1111 nicht 11111111
Ρ111111 11111111111111. 111 1111111 1111111 11181111111111111111
1111111 (111111111311111111) 811111111111 Ρ11111111111. Das 8111111
1111111111111 Ρ1111111111111 1111 111111111. 811111 81111111
111 8111111111 8111111111 (1416) 1111111 111 ,1111 111 8111111111
8111111111111111 11 111 1111 1111111111 111111111111811111-
111111111111 11111 111111, 1111 111 11111111 dom jodoemnligan 1111
11111 1111311111 0111111111 1111111111 1118111111111111111111·
1111111111111 1111 1111111111 1111111111, 1111111111 dom 8111111
1111111111113 1111111111111. Eine 1111111 Κί11111, 111 11111111-
111111, 111111111 im J. 1456 11 1111101111111111111 11111401·
1111111111 1111111, 111 111111111111111111111111111 11·
111111 111 111 1111111111111 ie einen 111 [11111111111111111111111 be·
11111111. 81 1111111 man 11111111111111 11111111111111111111111
8111111111. Dio Anfsieht 1111111 1111111113111 1111111111 111
dmi 8111111111111, 111111 Veri. 11111111, 1111111111111111
111 11111111111111111118111111, 1111111111 Rath von (1111111111

111. 111181111111111111.
9. 811 1181111111 111 8111111111. Rechts 111 ammaum 111

L. 8181111, a. o. Pros. 11 31111. Das. 0. Deiloff 1888 ’

1111111. 74 8. (1 111. 80 Pte).

[111 1111111111 111111, 111 Volk 1111 11 [1111111111 111111
8111111 1111111111111 mit 111 81111111111113 11111111111(8.8)111
1111 111111 11111111111111111111 111111181111111111 111 1111111
canon. 8111111111 111. 1111111 folgt 1111111111111181111111119111
Verbandlungen 1111 111 1111111111111111 111 Τ11111111. 81111111
Tametsi im 1111111111 11 111 11111111111111011111111111 (8. 11-18).

Was 111 gemende 1111111. 11111111 1111111 (8. 49 1.), 1111111
1111111. 1. Ρ1111111, 111111 111111113111111111111 Tridentium

111 [11111111 11111, 11111111111 111111 111 11111 8111111311 111

 

