158 3161161 1311611161 von 3131661619 1111116 11111. 111691 (11188).

661111611611161 Rom 6161161116. Die 161616 161 1111616 666166
61161161 11666 116166 und 1666616161661116611661 161661111111
Rom in 616616 1616 166616 661166 [1611611166161611111611 8166666
1661661 616 11116166 Κ661316161 1161166 61611616111 661661611661663
61161166; 1116 11116 1616111 Rom 61611666161661161611666161611
11611666 1611111131 11611661 616 66166 116 1661161661166166661
161 1111116 661 166 6111 (1611611 6611666666, 161 161166 11611611 6111
116611163131611 661116611366 866116 666 ein 11161161161616311166.

1166, 661161166161 11111 66 61616161616111616,166Β66611 61666

6616613661611166 1616111366 1161116166 16 11661 1616 (1636661661 1

einer 1111161663 6161 11661663 16 macheu. 1161363661161166

1111116616161611, 116 66166116116166, haben 1111616116 161666, 6661 ;

1116161616 661 16161111 16 66366, dass Wir 36116 und 1116111161
161 61116111 616161111εῶ61116116 17111616611661116116131611611
euch 11611111 1111116616 11636 yeme, 1666 wir 111 Gan-em 166
h. 81111166 36111611 6611666616 baben.

1116 161161 1116111111 661 116 [1161361666 1166611611, 6611611616
116 1111116616 Frage 1611611611, 661116 aus [Insere 6136666 116116,

1161166366 661 16611166366 161 1661611 16616 1163616131 661 36- Ξ

613661, 6661 116 3611611636161116161161616166 661 1166611 1161
161616116666 661 1111 6116 1616611 161 1111113668116166611616-
6616166 6611661161166 16 1116666.

1161616166, (1616116616, 16161161161661316116 161161,16 das

16111819. Da war 66 1161161666, 161 1661111136 1161661 161 1116616666, g
1616161116 316666 116111 166 16166116 36366 166 1. 81611 durch j
66166 Ρ6111111 16 1161166, 116 116616 61111616166166166161166 1163161663 ’

661 16166 erstem Minister 66361611611161. 166 1161161666 116116

1111111163 36366 06616116161 11111 (161661 1616116161, 1661161116 ,
16116166663 61666 116166 1161161 116 6616 6111611611611116613636166. 5

Zuerst 116116 0661666161 16 11161 8611161166 1661631, 616161161161611 i
sich, 11616611616161 166 Ρ611613163616 161 1616161166, Tuscana,
Parma, 1161666 661 1161616 h. 11111116 36111136 1166111366, 6611161

wardon 11666 166 811116166 66661111, 11116611161161661161118116166
mmmmmwffi

So 1161166 61616 311161 1616 11136611616166 Ρ666161 661 161
Κ11616116161116113 661361611111111 16636116666 661 161 1611163 16
1611661161166161 (1616111161611 gemacht.

Ρ6611Ρ1661Χ., 16111361 1616611666, 161611161116 1616116116 .

der ,6116666 vom 26. September 1656661166 611611 11111161

6116166 Wir 1166616 81161166 161 Η11166111616 1661 31. 0116161. Aua· '

11111161 6613166 Wir 66111, wieder 1161111616 1166111161Ρ16616,166

 

