1. (1111111111 111 memma». 237

vom 8111111111 111 1111111111 111 111 11111111 alle zur 1111111·
1111113 11111 1111111111 1111111111 1111111111 11111111113111111.
11111 111 1111 111 111111111111111111111, 1111111111111111111111.
11111111111111111111 111 1111111111 11111111111111111, 111
11111111111111111181111111 111 11111111111111111 11111 1111111111·
11111111111 1111111 mehr mbglich. Was 111 langor 11111 ’11111111
war, vollzog 1111 1111111 im Parlament vom 111111 August ’111οε
Verniehtung 111 1111111111111111111111111 1111 81111111111111111
811111111111. 1111111 111 81111111111111 1111111111 11111111111111
11111111, 111 Η111111111 1111111111111 111 111 11111111111111111
beutegiorigen 1111 11111111111). 11111111 1111111111111111911111
ruhte die gesetzg'ebende 1111111111 1111111111 Κ11111·.-1’11111
in dem 111 1111111111 1111111 VI. 11 111111 seit 1860 1111111111 11111·
1111111 111111 1111111 1608 11111111 ihren 1111111111111111111
maten 111111 111 1111 1195111 1111111111111111111 1111111111111
wieder 11111 1111111 1111111. 111 Begelung 111111111111111111·
11111 Bedrflcknngon 111 111111111111 1111111111 1111111111 11111-
111111111111111111 1111111 111 11111111 811111117001111111111111
81111111, welche einen 111111 1111111111111,·111111111111111 (11-
111111111 1111111111). ’ ’ ··2
Wio 111 1111111111 111 Ρ111111111111 111111 1111111111 ge·
11111111111 111111111111 1111111111, 11111111111111111011, 11
11111111 111111111111111 1111111111 188111 3111111111811111111
1111 1111111111, 111111 11111 8111111113. 111 111 11111111 1711,
11 1111111111, 11 1111111111 1711111111 1111 111111111111, 1111111
111 111111 1111111111 11111 11111111 111 Ρ1111111111111111811111
11 1111111111111111 1111111111 1111111111111, 1111 111 11111111 111
1111 11111 zur zugelung 111 1111111111 111 11111 11111111 111111,
welches 111 1111111111111 11111 1730 11111111111111111111 111
1111111111). 111 11111 111111811111, 111 8111 111 11111111 111
St. Georg, 1745 zur Wiedereroberung (111 1111111111 111111 11
8111111111 1111111111, 1111111 111 11111111 1111111311 8111111111111
11111111 1111111 3111111111 11111 111 1111111111111111011111111111111
1111111111 1111111. 1111111111 111 Tag von 01111111 111 1111113113
(11181111 111 8111111 1111111111 1111111111, 111111 1111111 1111111111
1111111111111111 1111111111 11111 1111111111 111 ging 1111 11111
dem 11111111111111 1111111111 1807 111 111Ρ1111 111 5000 ἑ 11 111

11 8111111111, I. 180.

2) 8111111111. 11. 506-519.

81111111 1880, 11. 807-810. 0111111 11 1111111111 1111111111,
fort Augustus.

 

