xiv.

1100 Penei, 110 81001110· 001 (100 1010110010 11011( 1100 110
somnone 10000 (18881

1. 0100000010 (100 Is. 1701ον0 0001101101. 111000 o. 27. 8001. 1888.

101 01001100000100000010 100 8001100101 000 80010, (100
1100110010 1111000010, 00010 100 irenen 1011001101101110011011001·
00100 8010111011011 00000 100 0000181011 10010001000110100 000,
0010001010 100 Ρο001 100 XIII. 0010101010

810101 100 000011, 00010001, 80110001 110 0111100000ου, 00-
11011 0001001001, 010 0000000001010 110110010 80100, 110 110 10010 000
(0000100οἱ dinanzi 0 Noi iI 111000 1100 100 1110000 001 110 0001000·
0 10 crescenti sperones 10110 100 1101000000 100 1110010 110·
811000 1110110. - Gli 01110 00· 11000 0000100011οο1 1110100101100
bili sensi 01011110, signer 800· (10010000000, 0010100810,Ἠοοῐ 000·
110010, 0 00000 1110111, (11 10 11001, 000100 000100100010000-
00000000001, 1100000000 000100 100011, linere zahireiohe 11011-
00000000 0 10 00000 010 0101010 00100001 100 100010, 100 110
0001001 11 010000010000010 01 800100000001011011,010011011000
8100000 000 10000 Nostro 010· 110000 iiio 110000 110000101011010
hilare, sono 0001101 0110110011 0010010000 sind 110 1100 010000
0001101 11 0100 00001000000 011 01010 80000001οᾱ0 00 1011011οε100
0100100100 0001100010. 8000- Frende 001 insigem 110010. Wir
0010000 101000010οο 101 (11000 konnen 110 10001001011100 110·
11011000 000001110010100, el'n- 1100100100 Kleros 00000100 Ρο001
01000 00010110 01000000 100 esso, 001110 0011100000οο 1110101011, 110
10001 10000010 10 8010 100· 0010010000110010000011 001110
0101100. -- I} Noi 0110 00110 No· 00100100 81001010 mit dem 000·
0100 000110000 0000010 01000 000· 0101100100 810110 0001010101. - 1110
11001000 interesse 01 0110110. Πο0000000110101000001000001110·
10000 110000 abbiamo sompno sem Kieros 0100 0000 100001000
0000010010 10 011 001100110 0000, 800010110οᾶ 1101000100000. Wir

0110011 000 10 00010 11 000 0000 narso 01010 gans 100001000100001 j

10110100, 000 1101000111 dello 1010011, 1000 (1000011010001110
0110, 0001000101οΙ10 anime, 000 81110000001001110000001011, 10001
10· 0010110 101 011 generoso 00· 8010001011001011 100 11001010,
00111010 1000000010 000010000- 10001800100011000010110000100-

 

