410 (7777777. 777777. 7. amu· 7777· Ermum 777 Poenum

7177111717( 11177177 771 (177 11777771711117717777 7777177717. 11777
1]77717717,1177 177 7111717 11717777171177771177 St. 171777771177177
717171 177177771777 77711771, 1777 717 771771711771771177171171711
1713777777 7777177, 7711 7177777117 17777117 777 71177 1177777171
1177177777 Κ1771777 71777 7117 771 1717 1777717777 17771711, 771 weil
(17777117 7711177777 771 dem 8111711717 vom 13. Febr. 1594 17771,
77171777, 7171771177771171, 177 81 171777771177177, 117 77717 371-
17171177177 3777771171, 177177771777 37177171.
me 17177777 71717 7737177717 1713777773 717177. 1717711777777
177 7711171171113177 11171177177177 777 177 171. piuant-procuratur
1177771711771173777717711117771177 1773737777 77777711, 1777 77177
, 1177717773 771 71717177737177 177 (7.1. 1171117117771117117177771773
’ 7713771711 77171, 1777 117 81711 11771777 717171 zum 1777171777 Neu·
17777 37171717.
111777 171 177 7171117177 17717711773 77717137773777171-
71711773 7171 7177177717 177 31111717171771171 7711771731.
177 dom 11777317717131, 1777 7771 177 Δ117(7173711781..17-
1777771177177 717 7177 Ρ71777717117717717711711771771777737771777 '
777177 77777, 771 77777 777 77 37717777, 717 177717 117 Η711777717
vom 777771, 7777, 19. Febr. 7774 und 20. Nov. 7777 ausurae&- 1
1171 7771131 worden (777, 1777 17 17717771177117717771771171177
1177717711 17713777171 777177 771 777377 1771771773 177 17171177
71111377 1717777177 777 dem 817117717717117 1777717773 37177177
777717. ,
[17717717111771117177 11771771 177 Ρ717777177 7177177177
(171717 wil-d durch 117 17 17777371771717777 1171771711773 77717 77- ,
3711177177 1737777717, »1777 17 1771717117, 7777717771 jone 11777- ³
17177 771177 17771177311777 1711177777, 7771717 St. k. 1. 117177111
qua 7717777 77 7771711777 77717177, 1171717777711771777171713777771 ’
171, 771 1777 7171177177171771177 77773711( 1777 7711777177 sm·
117717717717777171171777 Ρ717777177771717 777777771177177 117173·
71777 77737111 7777177, 71711 7137771717171.
Dio Nichteinbeziehung 177111. 17177777117717 177117 bezeich- ι
7717 ’1717117 77171171 7171 177777, 1777 mit 177 st. 171777771177177
717 Beneficium -17777717717117773 17117737 1777777777 177717 -
nieht verbunden 171. 11737377 ist 17 dom, 17777 7171117177 1171777171·
1777717 vom 15. October 1803, Ζ. 11808, 77711 7717177717 3717377777 ³
17177717 777 177 117717777717777377( 177 Ρ7177771711771777177 117-
17771177177177, 77717 1171171781. 1717777 7737111771
Der 1177371 71777 7117771771377 11771771777 1177117177117773 1

177 Ρ7177771717717371777 171 7177 177777 7711771171, 7711 177 7777771· ,

 

