’190 Arnen 8888818 818888818881 8881188118 Milan 8. 88881888 118881.

8888 881 88118888188881818818888888188 8881888888 8888888818 88118.
1118 88888 118188881111 1888888, 881888 11881818 888 1881881188181188-
¹ 1888881888 8888881888188 dem 1188118888 8818888118888 8188888.

0888 1188181881 881 81888 1188118888 88888118 888· 1181188888 088-
818181881888888888 888888818881818888888 eben so als 8811888888
8888888 0818188888, 888 88888 888 1881888881 noch 888188888-
18881888 8818181881. 1818888888 818 888 selben 8811888118888888118-
888181818188 188 88818888 88811188, 88811188 818 888, 888 incorrecte
8888818 888 0888181811888, 88818 18888888 1888881881 bis 888
’.88888888888811881188 81811888. ,18 888 1188818888 888 888 888
-11811881188888 1811888888 8881181888 8888811818881888 8188818888,
dus 8118888888 188888818118 88881188111881888 8818118881 8888-
. 8888 818188 8188818 881 888888 1181118 11818118· 818 1888888818 11181881
88818811, 18 8181888888 8888 18181881 188118, dass 888 81888 188811188-
881888818811118188 1188888 8188 888818 881881888811 188 888
81881 888 818 1118888118 8888888, 88888 818 818, ,8888 88 888888
· Η888811888181881 181, 888 118888 Η811111811 88 8881888188, 8811 888
118888· 888 (1811 181818888118881888 dem 8888888888 1188181818·
mass 8888 8888188888 818818. 888 888 888888ιῦ1888118 8188 081881
8888888888 888, 881 (18888 8888888818888811888188 888888888111188
881888888811188188 8888888 11188 88811 8888888 ’1181118 11818118 88 18888.

11818, werden 8888 1888188888 8888888 881888 88888811 auch 818 bi· 81881 Aa·
18188188 8818188111, welche 8188818118 vom 1188118 8888881 worden.

ll. 11888888 888 8811 888 1188188881 888 118881818888881188188181888
8188 818 11881118 188· 8188 888 888 Kronprinzen 888818 181 ihren 1888888188 1181
888 888· 0181111818 888 188118 8888811188 25800 1188888 8818811881 8181818188188,
888 Hotmmehnll 8888 888 coronamentum 8888888 188888 8881188118 bv
881881. 111818 Summo 888 11881188 800000 1188888 vird 818 11881118 88881188,
888888888881188818188 818 8811118811 8888 118888 8888811888181 181

18118888888188 8881881188881811881118 888 81188888 mid 1881888

willan 8888 8118 888888888188 Ρα8181888881888111881888, 1888811888 1181811188 ,
81888888 ν- no 8888 18888 8811 88118 ihr 1118888881, 8888 818 81888 11881188· ἶ
8888818818 111888 1818111188, 18888, 88818818881811 881188 werden, 8881811 18 ζ

18118 888888 818 1181188188 88118888 , welche 81818181 machon 18888 188188-
888 habam 11811 dieser 1881881 aber 888881 888 81888818 8888888888188181
ihren 18888888 und 8888888888 1818888 81818881 888 zu 118181881Ζοί1 818181888888
888 8811888188 81888118 888881 818 888 8881188888 8188188 88818111, 8ο 181 er
8818888118 seina· 81881888811181888 0888811888 888 88881188 88818888 1818888

888 dom 8888188188 888 888 8888818188 88888188 888 888181811188 888 Ξ
autooephulen serbischen 1118888 18881881 888 881888888888 888 mit dm :

8188188818 888 888 081888888111 8888188888 8188ὴωί88188 88888888.

888888181881 8888· 88 88881 118188188188888 Exemplum 888181881188
8811888 88818 1118818888.

(181188 1181888 888 umbriam.)-

 

