m„ zm, m sermome„ m 11111. 1111111111 478

’1111111111111111 (1111111) 111111 1171111113 111 1111111 111
ammonam 111 1811111 11111111111111111111111, 11111111
81111111 111 111 8111111811 111 8111111,·,811711111111111111 (1111·
11111, 8. 11, 111, 188, 111. Dr. 17118111 »vicariogoedoron«. 8111111
1857, 711111117111111111111, 8111111 1881, 111 81111111811.
1111111. 1111814), 8111111111 111-11111111 3111111111 odor (82 111)
mrcbengfitom 1111111111111. 11111111 (11111 11111111 111 1111111111
11111 aiguno, 111 1111111111 111111111101111111811111111111118
11111 11111111, 11111111 1111111111 11111 71111111118111,
181, 184, 1718, 818, 8188881. 887) 111 Lm 1111· Ι1111 111
’111811111111111111111111111111111111111 1111111 1111. 1111811111
(8.1351150)111111,11111118111111111 111181111181111111111
111 1111111 811111 1111111 11 11181111111111111111111111111111
11111111111111111 0111111111. ’

Dio (11111111111111 1111111111 111 Smn- 111 1111811111
1111111 (8. 111. 885)11111111(1111011,11111111811111111111
(8111111111 871111111851, 01. Planum 1111) 1111111111,
11111111 111 11117111 1111111, 11 8111111 11111111 Nummum
(1, 11111111. 111) bogutigon. 11111111. 111-11111,
111111 1111111111 111 111. 1111111111 0111111111 (81111111. 808)
1111111111»1111ςος1111 »11111111 m (1 111111111-
111111111, 1111111 1111111. 8111111111 11111 macarianam 111
111 8111111111, 111 1111111111 ›hammon‹ 01111111· 1111111 11111
0111111118 111 111111111111111111111111111 (17), 111 1111111111·
licam Rigonthume fibergegangen 11111, 1111118111 (S. 188 u. 187)
111 11111111, 111 111111, 1111111111 1111711111, 1111 (8. 808) 11111-
111111771111111111 1111111111, 11 111 1111111111 71111111·
1111111111(»11111111111111111111), 11111 111 1111111111 111·
1111111111 111 1118171111 111 11111111111111111111118111118111
kain Alloi‘neigonthum 111 811111111111111111111111. 811111111-
11111111111111 1111111111111 5. August 1780 (S. 183) mm 111
8171111111 111 (8. 384111 8199111111 811111 »1111111111 111
Κοή11111181111,1111111791),1111111118111111111 11111111
Tago 11 ziff 1.»111 1711111111 111 11111111111 Rheba«, 11811. 1.
111»1111111118111111111111111111111111 11111111,111111
11 ziff 8.»11111111111111111 8111111111(8.117,1811.118“Ὀ)
111 stantes 1111 111111. 1111111 1111111111811111111181111111111
111111. ziff. 3. 1111111101111111111111, 1118111111111181111-
111111111 1111111111 111 8181111111 111 111118111111111
11181111111111111 8111111111 (»11111111«); gemm 8111. 4. 111111
111111111111 (8. 184) »111 01111111 111 1118111111 1111101111

 

