Ρ11111. 01111111111111191911811111878-881 44⁸

1811111 11111 die 8111811111111 zu 1111111111, 11111 111 Romanas
»(§. 787 Tit. 11 8111 1111, V.·'0. 2811111 18718. 3) 1111, uio 11
1111181111 mit 1111 8111111111 111111 11111, 1111111 1111111111
1111111111 1111111111111 zu 1111111 1111 ... 8111111111 (8. 264) 111
»1111111111 111 Kirakmmfiyen 111 11111 11118111111-111 no.
11118111ςά11 8111111111, so 111111 111811111111111111111(1111.·111
18,-8. 68 S. 301) 11111 Frage 1011111111 24. Sept. 1868) 1111111111.
1111111 8111118111 1111111111111- (S. 261) 11 8111811111111,
11111111 111111 11311111 11181111111111111811, 81111113 818878
1111. 8 111 8111111111 1311111872 1111111111 111 8131111111
111111111111 1111811181111 81811111111 1118111111ωή1111
›§. 78 112181111111113111111126, 1111 1876 1111111111 - 11111
1811111111111 1111111. 8111111111 ··- (111·11111111111111111 11111
1111111111 1111 11 111 111111, 1111 111 811111 1111111 mium·
1111111111, 111 71181119111111111 (1111111. 11 8 218111 {v
18188), 111. 281112111811. 1111111171· 111 811 111111·
1111111111 111111 1111 211811111111 1111111111. 8471148111
1111111111 1. Aug. 1883 11111 1111111111111 1111111111 aarum 1111
11111111.1111111111111111191111111. 111111 111 11181111 8111811111 ι
11111111111111181111111811111111111 zu 11111111, gagen 11111
1811111111 81111 111 Klage im Vorwaltungsstroitverfahron 11111.
»Dutch 111 1711111111 (1111111111, 8111611111, 8111111118111111
11111111 11111 1111111111 1111111111 1111111111 7111811111111 (817
1111· 1) 1111111 1111111111 1111111, 1111 111 &baladam
1111811118111119111811111111 11 111 1111111111 8111111111
1111 1111111111 1111111111 verbanden 1111111 11111111 1111 (11111.
11111111, XIII 8. 264) . . . 1111 8111111111 111 8111111811 111
18111111111111111 111111 Patrone (Kirehengominde· 1118111111-
»ordnung 18.8111. 1873 fi. 81 111. 6) 111 (8. 268) 1111 1111111 »nater«
»vertheilung in 11181111111111111111, 1118111 1111111111, 11111 111111
»um 111 8181111111111111111111 8111181111 11111111, 111 8111181111
1111811111111111111111111111111 111 8111111, 1111 1111111 111
1111111111 verbunden 111, 111 811111111111111111 8111111811111-
11111111.1(811.1.111 1883847 u. 4811111111118. 28811.
18861 8 8178258111. 1111. 1. Κ.11618.126218.18,28
1111218. 128 218. 31).

1) 12. 1111111887, 1,,,8 1111111. »881111111111111111111
11111. 1.-11. 11111111111111 0111111188. 1111111 1) 1111111111
111115. 361811. 12 81111 11 (11111111 111 (1111111111 (111 1111111 8111
111111111111 1111 1111111111 Mamm 1181111111111 1111111111
11111) 111111 111111. (01111111. 11. 1111. 1872. - 811 8111111111-

 

